6.168911494738285,3.1823573682723696
6.323834778246532,3.3146214257406674
6.065525654705065,3.3397377239141393
6.110333874872894,3.35169591586049
6.227775766253152,3.3546533992359047
6.101197198708891,3.5715864442727057
5.886961786642249,3.5199375584970447
5.879078286191688,3.742449629399536
6.1539212456323265,3.6012637120950717
5.7740864128082094,3.939786203175173
5.569149421498438,3.9311762209620618
5.629697935205012,4.277945406215923
5.111764415552602,4.0845606659941645
5.2761059843793765,4.01301332780893
4.564520133255567,3.8620886593004133
4.499388851156649,3.939489958315172
4.3717553195853815,3.722595745271976
4.274965197908573,3.7098114226528196
4.345216858612905,3.730780691154286
4.250684080783591,3.7393383596277676
4.333994762995291,3.4972073908011994
4.0753317494910295,3.547893581944212
4.053480680661941,3.254734709346291
4.0190446005278595,3.265252969450861
4.151107110990286,2.897230816335947
4.288261800223417,2.6012542409593937
4.372793163598513,2.7369668149944126
4.64639919837395,2.35117589943227
4.566965271089834,2.3676425640803735
4.897057746432598,2.343707860494729
4.931349699380315,2.016181011447855
5.151169476052113,2.146858707430487
5.1479214986351955,2.1573270301125254
5.338000713837841,2.2284131751528107
5.1895761976668355,2.222216929509063
5.460723175104442,2.2168343799892094
5.347172435562321,2.0574061656994815
5.679600436102536,2.3194047413426757
5.6397766481719955,2.5229488226948775
5.926700567735873,2.634042087536978
5.8993601064357515,2.593674933463496
6.12974959024263,2.701836466794039
6.048947006284258,2.8550128356614217
6.18221039822927,2.775754461957892
6.2722601723622144,2.8109326755205215
6.2157838718687755,3.0119306281273217
6.175721264576737,3.1513706905664756
6.042823687876347,3.2389820009325323
